kinematics:
  shoulder:
    x: 0
    y: 0
    z: 0.1627711559929812
    roll: -0
    pitch: 0
    yaw: -2.3834815258245382e-08
  upper_arm:
    x: 0.00020090822251548883
    y: 0
    z: 0
    roll: 1.5709745548535408
    pitch: 0
    yaw: -4.489964303021114e-06
  forearm:
    x: -0.42526589109661111
    y: 0
    z: 0
    roll: 0.00014567967085956897
    pitch: -0.0015735824133810874
    yaw: 1.2710544473603714e-05
  wrist_1:
    x: -0.39254363135350834
    y: -0.00086904537711167385
    z: 0.1333051499315171
    roll: 0.0065191259777715241
    pitch: -0.00029454727423856787
    yaw: -1.3923438275825586e-05
  wrist_2:
    x: -6.0039760300417377e-06
    y: -0.099902651114547741
    z: 2.2258259806117798e-05
    roll: 1.5705735273077008
    pitch: 0
    yaw: 6.0398494126296981e-08
  wrist_3:
    x: 7.4231958881654608e-05
    y: 0.099751093666995749
    z: 2.4053025204121849e-05
    roll: 1.5710374572312027
    pitch: 3.1415926535897931
    yaw: -3.1415926531378791
  hash: calib_5579553903146789205